10000000000000000000000000000000000000000000000000
00000000000000000000000000000000000000000000000000
00000000000000000000000000000000000000000000000000
00001000000000000000000000000000000000000000000000
00000100000000000000000000000000000000000000000000
00000001000000000000000000000000000000000000000000
00000000100000000000000000000000000000000000000000
00000000011000000000000000000000000000000000000000
00000000001100000000000000000000000000000000000000
00000000000011000000000000000000000000000000000000
00000000000001100000000000000000000000000000000000
00000000000000111000000000000000000000000000000000
00000000000000011100000000000000000000000000000000
00000000000000001111000000000000000000000000000000
00000000000000000011100000000000000000000000000000
00000000000000000001110000000000000000000000000000
00000000000000000000111100000000000000000000000000
00000000000000000000011110000000000000000000000000
00000000000000000000000111100000000000000000000000
00000000000000000000000011110000000000000000000000
00000000000000000000000001111100000000000000000000
00000000000000000000000000111110000000000000000000
00000000000000000000000000001111100000000000000000
00000000000000000000000000000111110000000000000000
00000000000000000000000000000011111100000000000000
00000000000000000000000000000001111110000000000000
00000000000000000000000000000000111111100000000000
00000000000000000000000000000000001111110000000000
00000000000000000000000000000000000111111000000000
00000000000000000000000000000000000011111110000000
00000000000000000000000000000000000001111111000000
00000000000000000000000000000000000000011111110000
00000000000000000000000000000000000000001111111000
00000000000000000000000000000000000000000111111110
00000000000000000000000000000000000000000011111111
00000000000000000000000000000000000000000000111111
00000000000000000000000000000000000000000000011111
00000000000000000000000000000000000000000000001111
00000000000000000000000000000000000000000000000111
00000000000000000000000000000000000000000000000011
00000000000000000000000000000000000000000000000000
00000000000000000000000000000000000000000000000000
00000000000000000000000000000000000000000000000000
00000000000000000000000000000000000000000000000000
00000000000000000000000000000000000000000000000000
00000000000000000000000000000000000000000000000000
00000000000000000000000000000000000000000000000000
00000000000000000000000000000000000000000000000000
00000000000000000000000000000000000000000000000000
00000000000000000000000000000000000000000000000000
160
done
