308 1 307
608 308 300
914 608 306
1217 914 303
1520 1217 303
1821 1520 301
2127 1821 306
2428 2127 301
2728 2428 300
3034 2728 306
3337 3034 303
3640 3337 303
3941 3640 301
4247 3941 306
4548 4247 301
4848 4548 300
5154 4848 306
5457 5154 303
5760 5457 303
6061 5760 301
6367 6061 306
6668 6367 301
6968 6668 300
7274 6968 306
7577 7274 303
7880 7577 303
8181 7880 301
8487 8181 306
8788 8487 301
9088 8788 300
9394 9088 306
9697 9394 303
10000 9697 303
10301 10000 301
10607 10301 306
10908 10607 301
11208 10908 300
11514 11208 306
11817 11514 303
12120 11817 303
12421 12120 301
12727 12421 306
13028 12727 301
13328 13028 300
13634 13328 306
13937 13634 303
14240 13937 303
14541 14240 301
14847 14541 306
15148 14847 301
15448 15148 300
15754 15448 306
16057 15754 303
16360 16057 303
16661 16360 301
16967 16661 306
17268 16967 301
17568 17268 300
17874 17568 306
18177 17874 303
18480 18177 303
18781 18480 301
19087 18781 306
19388 19087 301
19688 19388 300
19994 19688 306
20297 19994 303
20600 20297 303
20901 20600 301
21207 20901 306
21508 21207 301
21808 21508 300
22114 21808 306
22417 22114 303
22720 22417 303
23021 22720 301
23327 23021 306
23628 23327 301
23928 23628 300
24234 23928 306
24537 24234 303
24840 24537 303
25141 24840 301
25447 25141 306
25748 25447 301
26048 25748 300
26354 26048 306
26657 26354 303
26960 26657 303
27261 26960 301
27567 27261 306
27868 27567 301
28168 27868 300
28474 28168 306
28777 28474 303
29080 28777 303
29381 29080 301
29687 29381 306
29988 29687 301
30288 29988 300
30594 30288 306
30897 30594 303
31200 30897 303
31501 31200 301
31807 31501 306
32108 31807 301
32408 32108 300
32714 32408 306
33017 32714 303
33320 33017 303
33621 33320 301
33927 33621 306
34228 33927 301
34528 34228 300
34834 34528 306
35137 34834 303
35440 35137 303
35741 35440 301
36047 35741 306
36348 36047 301
36648 36348 300
36954 36648 306
37257 36954 303
37560 37257 303
37861 37560 301
38167 37861 306
38468 38167 301
38768 38468 300
39074 38768 306
39377 39074 303
39680 39377 303
39981 39680 301
40287 39981 306
40588 40287 301
40888 40588 300
41194 40888 306
41497 41194 303
41800 41497 303
42101 41800 301
42407 42101 306
42708 42407 301
43008 42708 300
43314 43008 306
43617 43314 303
43920 43617 303
44221 43920 301
44527 44221 306
44828 44527 301
45128 44828 300
45434 45128 306
45737 45434 303
46040 45737 303
46341 46040 301
46647 46341 306
46948 46647 301
47248 46948 300
47554 47248 306
47857 47554 303
48160 47857 303
48461 48160 301
48767 48461 306
49068 48767 301
49368 49068 300
49674 49368 306
49977 49674 303
50280 49977 303
50581 50280 301
50887 50581 306
51188 50887 301
51488 51188 300
51794 51488 306
52097 51794 303
52400 52097 303
52701 52400 301
53007 52701 306
53308 53007 301
53608 53308 300
53914 53608 306
54217 53914 303
54520 54217 303
54821 54520 301
55127 54821 306
55428 55127 301
55728 55428 300
56034 55728 306
56337 56034 303
56640 56337 303
56941 56640 301
57247 56941 306
57548 57247 301
57848 57548 300
58154 57848 306
58457 58154 303
58760 58457 303
59061 58760 301
59367 59061 306
59668 59367 301
59968 59668 300
60274 59968 306
60577 60274 303
60880 60577 303
61181 60880 301
61487 61181 306
61788 61487 301
62088 61788 300
62394 62088 306
62697 62394 303
63000 62697 303
63301 63000 301
63607 63301 306
63908 63607 301
64208 63908 300
64514 64208 306
64817 64514 303
65120 64817 303
65421 65120 301
65727 65421 306
66028 65727 301
66328 66028 300
66634 66328 306
66937 66634 303
67240 66937 303
67541 67240 301
67847 67541 306
68148 67847 301
68448 68148 300
68754 68448 306
69057 68754 303
69360 69057 303
69661 69360 301
69967 69661 306
70268 69967 301
70568 70268 300
70874 70568 306
71177 70874 303
71480 71177 303
71781 71480 301
72087 71781 306
72388 72087 301
72688 72388 300
72994 72688 306
73297 72994 303
73600 73297 303
73901 73600 301
74207 73901 306
74508 74207 301
74808 74508 300
75114 74808 306
75417 75114 303
75720 75417 303
76021 75720 301
76327 76021 306
76628 76327 301
76928 76628 300
77234 76928 306
77537 77234 303
77840 77537 303
78141 77840 301
78447 78141 306
78748 78447 301
79048 78748 300
79354 79048 306
79657 79354 303
79960 79657 303
80261 79960 301
80567 80261 306
80868 80567 301
81168 80868 300
81474 81168 306
81777 81474 303
82080 81777 303
82381 82080 301
82687 82381 306
82988 82687 301
83288 82988 300
83594 83288 306
83897 83594 303
84200 83897 303
84501 84200 301
84807 84501 306
85108 84807 301
85408 85108 300
85714 85408 306
86017 85714 303
86320 86017 303
86621 86320 301
86927 86621 306
87228 86927 301
87528 87228 300
87834 87528 306
88137 87834 303
88440 88137 303
88741 88440 301
89047 88741 306
89348 89047 301
89648 89348 300
89954 89648 306
90257 89954 303
90560 90257 303
90861 90560 301
91167 90861 306
91468 91167 301
91768 91468 300
92074 91768 306
92377 92074 303
92680 92377 303
92981 92680 301
93287 92981 306
93588 93287 301
93888 93588 300
94194 93888 306
94497 94194 303
94800 94497 303
95101 94800 301
95407 95101 306
95708 95407 301
96008 95708 300
96314 96008 306
96617 96314 303
96920 96617 303
97221 96920 301
97527 97221 306
97828 97527 301
98128 97828 300
98434 98128 306
98737 98434 303
99040 98737 303
99341 99040 301
99647 99341 306
99948 99647 301
100248 99948 300
100554 100248 306
100857 100554 303
101160 100857 303
101461 101160 301
101767 101461 306
102068 101767 301
102368 102068 300
102674 102368 306
102977 102674 303
103280 102977 303
103581 103280 301
103887 103581 306
104188 103887 301
104488 104188 300
104794 104488 306
105097 104794 303
105400 105097 303
105701 105400 301
106007 105701 306
106308 106007 301
106608 106308 300
106914 106608 306
107217 106914 303
107520 107217 303
107821 107520 301
108127 107821 306
108428 108127 301
108728 108428 300
109034 108728 306
109337 109034 303
109640 109337 303
109941 109640 301
110247 109941 306
110548 110247 301
110848 110548 300
111154 110848 306
111457 111154 303
111760 111457 303
112061 111760 301
112367 112061 306
112668 112367 301
112968 112668 300
113274 112968 306
113577 113274 303
113880 113577 303
114181 113880 301
114487 114181 306
114788 114487 301
115088 114788 300
115394 115088 306
115697 115394 303
116000 115697 303
116301 116000 301
116607 116301 306
116908 116607 301
117208 116908 300
117514 117208 306
117817 117514 303
118120 117817 303
118421 118120 301
118727 118421 306
119028 118727 301
119328 119028 300
119634 119328 306
119937 119634 303
120240 119937 303
120541 120240 301
120847 120541 306
121148 120847 301
121448 121148 300
121754 121448 306
122057 121754 303
122360 122057 303
122661 122360 301
122967 122661 306
123268 122967 301
123568 123268 300
123874 123568 306
124177 123874 303
124480 124177 303
124781 124480 301
125087 124781 306
125388 125087 301
125688 125388 300
125994 125688 306
126297 125994 303
126600 126297 303
126901 126600 301
127207 126901 306
127508 127207 301
127808 127508 300
128114 127808 306
128417 128114 303
128720 128417 303
129021 128720 301
129327 129021 306
129628 129327 301
129928 129628 300
130234 129928 306
130537 130234 303
130840 130537 303
131141 130840 301
131447 131141 306
131748 131447 301
132048 131748 300
132354 132048 306
132657 132354 303
132960 132657 303
133261 132960 301
133567 133261 306
133868 133567 301
134168 133868 300
134474 134168 306
134777 134474 303
135080 134777 303
135381 135080 301
135687 135381 306
135988 135687 301
136288 135988 300
136594 136288 306
136897 136594 303
137200 136897 303
137501 137200 301
137807 137501 306
138108 137807 301
138408 138108 300
138714 138408 306
139017 138714 303
139320 139017 303
139621 139320 301
139927 139621 306
140228 139927 301
140528 140228 300
140834 140528 306
141137 140834 303
141440 141137 303
141741 141440 301
142047 141741 306
142348 142047 301
142648 142348 300
142954 142648 306
143257 142954 303
143560 143257 303
143861 143560 301
144167 143861 306
144468 144167 301
144768 144468 300
145074 144768 306
145377 145074 303
145680 145377 303
145981 145680 301
146287 145981 306
146588 146287 301
146888 146588 300
147194 146888 306
147497 147194 303
147800 147497 303
148101 147800 301
148407 148101 306
148708 148407 301
149008 148708 300
149314 149008 306
149617 149314 303
149920 149617 303
150221 149920 301
150527 150221 306
150828 150527 301
151128 150828 300
151434 151128 306
151737 151434 303
152040 151737 303
152341 152040 301
152647 152341 306
152948 152647 301
153248 152948 300
153554 153248 306
153857 153554 303
154160 153857 303
154461 154160 301
154767 154461 306
155068 154767 301
155368 155068 300
155674 155368 306
155977 155674 303
156280 155977 303
156581 156280 301
156887 156581 306
157188 156887 301
157488 157188 300
157794 157488 306
158097 157794 303
158400 158097 303
158701 158400 301
159007 158701 306
159308 159007 301
159608 159308 300
159914 159608 306
160217 159914 303
160520 160217 303
160821 160520 301
161127 160821 306
161428 161127 301
161728 161428 300
162034 161728 306
162337 162034 303
162640 162337 303
162941 162640 301
163247 162941 306
163548 163247 301
163848 163548 300
164154 163848 306
164457 164154 303
164760 164457 303
165061 164760 301
165367 165061 306
165668 165367 301
165968 165668 300
166274 165968 306
166577 166274 303
166880 166577 303
167181 166880 301
167487 167181 306
167788 167487 301
168088 167788 300
168394 168088 306
168697 168394 303
169000 168697 303
169301 169000 301
169607 169301 306
169908 169607 301
170208 169908 300
170514 170208 306
170817 170514 303
171120 170817 303
171421 171120 301
171727 171421 306
172028 171727 301
172328 172028 300
172634 172328 306
172937 172634 303
173240 172937 303
173541 173240 301
173847 173541 306
174148 173847 301
174448 174148 300
174754 174448 306
175057 174754 303
175360 175057 303
175661 175360 301
175967 175661 306
176268 175967 301
176568 176268 300
176874 176568 306
177177 176874 303
177480 177177 303
177781 177480 301
178087 177781 306
178388 178087 301
178688 178388 300
178994 178688 306
179297 178994 303
179600 179297 303
179901 179600 301
180207 179901 306
180508 180207 301
180808 180508 300
181114 180808 306
181417 181114 303
181720 181417 303
182021 181720 301
182327 182021 306
182628 182327 301
182928 182628 300
183234 182928 306
183537 183234 303
183840 183537 303
184141 183840 301
184447 184141 306
184748 184447 301
185048 184748 300
185354 185048 306
185657 185354 303
185960 185657 303
186261 185960 301
186567 186261 306
186868 186567 301
187168 186868 300
187474 187168 306
187777 187474 303
188080 187777 303
188381 188080 301
188687 188381 306
188988 188687 301
189288 188988 300
189594 189288 306
189897 189594 303
190200 189897 303
190501 190200 301
190807 190501 306
191108 190807 301
191408 191108 300
191714 191408 306
192017 191714 303
192320 192017 303
192621 192320 301
192927 192621 306
193228 192927 301
193528 193228 300
193834 193528 306
194137 193834 303
194440 194137 303
194741 194440 301
195047 194741 306
195348 195047 301
195648 195348 300
195954 195648 306
196257 195954 303
196560 196257 303
196861 196560 301
197167 196861 306
197468 197167 301
197768 197468 300
198074 197768 306
198377 198074 303
198680 198377 303
198981 198680 301
199287 198981 306
199588 199287 301
199888 199588 300
200194 199888 306
200497 200194 303
200800 200497 303
201101 200800 301
201407 201101 306
201708 201407 301
202008 201708 300
202314 202008 306
202617 202314 303
202920 202617 303
203221 202920 301
203527 203221 306
203828 203527 301
204128 203828 300
204434 204128 306
204737 204434 303
205040 204737 303
205341 205040 301
205647 205341 306
205948 205647 301
206248 205948 300
206554 206248 306
206857 206554 303
207160 206857 303
207461 207160 301
207767 207461 306
208068 207767 301
208368 208068 300
208674 208368 306
208977 208674 303
209280 208977 303
209581 209280 301
209887 209581 306
210188 209887 301
210488 210188 300
210794 210488 306
211097 210794 303
211400 211097 303
211701 211400 301
212007 211701 306
212308 212007 301
212608 212308 300
212914 212608 306
213217 212914 303
213520 213217 303
213821 213520 301
214127 213821 306
214428 214127 301
214728 214428 300
215034 214728 306
215337 215034 303
215640 215337 303
215941 215640 301
216247 215941 306
216548 216247 301
216848 216548 300
217154 216848 306
217457 217154 303
217760 217457 303
218061 217760 301
218367 218061 306
218668 218367 301
218968 218668 300
219274 218968 306
219577 219274 303
219880 219577 303
220181 219880 301
220487 220181 306
220788 220487 301
221088 220788 300
221394 221088 306
221697 221394 303
222000 221697 303
222301 222000 301
222607 222301 306
222908 222607 301
223208 222908 300
223514 223208 306
223817 223514 303
224120 223817 303
224421 224120 301
224727 224421 306
225028 224727 301
225328 225028 300
225634 225328 306
225937 225634 303
226240 225937 303
226541 226240 301
226847 226541 306
227148 226847 301
227448 227148 300
227754 227448 306
228057 227754 303
228360 228057 303
228661 228360 301
228967 228661 306
229268 228967 301
229568 229268 300
229874 229568 306
230177 229874 303
230480 230177 303
230781 230480 301
231087 230781 306
231388 231087 301
231688 231388 300
231994 231688 306
232297 231994 303
232600 232297 303
232901 232600 301
233207 232901 306
233508 233207 301
233808 233508 300
234114 233808 306
234417 234114 303
234720 234417 303
235021 234720 301
235327 235021 306
235628 235327 301
235928 235628 300
236234 235928 306
236537 236234 303
236840 236537 303
237141 236840 301
237447 237141 306
237748 237447 301
238048 237748 300
238354 238048 306
238657 238354 303
238960 238657 303
239261 238960 301
239567 239261 306
239868 239567 301
240168 239868 300
240474 240168 306
240777 240474 303
241080 240777 303
241381 241080 301
241687 241381 306
241988 241687 301
242288 241988 300
242594 242288 306
242897 242594 303
243200 242897 303
243501 243200 301
243807 243501 306
244108 243807 301
244408 244108 300
244714 244408 306
245017 244714 303
245320 245017 303
245621 245320 301
245927 245621 306
246228 245927 301
246528 246228 300
246834 246528 306
247137 246834 303
247440 247137 303
247741 247440 301
248047 247741 306
248348 248047 301
248648 248348 300
248954 248648 306
249257 248954 303
249560 249257 303
249861 249560 301
250167 249861 306
250468 250167 301
250768 250468 300
251074 250768 306
251377 251074 303
251680 251377 303
251981 251680 301
252287 251981 306
252588 252287 301
252888 252588 300
253194 252888 306
253497 253194 303
253800 253497 303
254101 253800 301
254407 254101 306
254708 254407 301
255008 254708 300
255314 255008 306
255617 255314 303
255920 255617 303
256221 255920 301
256527 256221 306
256828 256527 301
257128 256828 300
257434 257128 306
257737 257434 303
258040 257737 303
258341 258040 301
258647 258341 306
258948 258647 301
259248 258948 300
259554 259248 306
259857 259554 303
260160 259857 303
260461 260160 301
260767 260461 306
261068 260767 301
261368 261068 300
261674 261368 306
261977 261674 303
262280 261977 303
262581 262280 301
262887 262581 306
263188 262887 301
263488 263188 300
263794 263488 306
264097 263794 303
264400 264097 303
264701 264400 301
265007 264701 306
265308 265007 301
265608 265308 300
265914 265608 306
266217 265914 303
266520 266217 303
266821 266520 301
267127 266821 306
267428 267127 301
267728 267428 300
268034 267728 306
268337 268034 303
268640 268337 303
268941 268640 301
269247 268941 306
269548 269247 301
269848 269548 300
270154 269848 306
270457 270154 303
270760 270457 303
271061 270760 301
271367 271061 306
271668 271367 301
271968 271668 300
272274 271968 306
272577 272274 303
272880 272577 303
273181 272880 301
273487 273181 306
273788 273487 301
274088 273788 300
274394 274088 306
274697 274394 303
275000 274697 303
275301 275000 301
275607 275301 306
275908 275607 301
276208 275908 300
276514 276208 306
276817 276514 303
277120 276817 303
277421 277120 301
277727 277421 306
278028 277727 301
278328 278028 300
278634 278328 306
278937 278634 303
279240 278937 303
279541 279240 301
279847 279541 306
280148 279847 301
280448 280148 300
280754 280448 306
281057 280754 303
281360 281057 303
281661 281360 301
281967 281661 306
282268 281967 301
282568 282268 300
282874 282568 306
283177 282874 303
283480 283177 303
283781 283480 301
284087 283781 306
284388 284087 301
284688 284388 300
284994 284688 306
285297 284994 303
285600 285297 303
285901 285600 301
286207 285901 306
286508 286207 301
286808 286508 300
287114 286808 306
287417 287114 303
287720 287417 303
288021 287720 301
288327 288021 306
288628 288327 301
288928 288628 300
289234 288928 306
289537 289234 303
289840 289537 303
290141 289840 301
290447 290141 306
290748 290447 301
291048 290748 300
291354 291048 306
291657 291354 303
291960 291657 303
292261 291960 301
292567 292261 306
292868 292567 301
293168 292868 300
293474 293168 306
293777 293474 303
294080 293777 303
294381 294080 301
294687 294381 306
294988 294687 301
295288 294988 300
295594 295288 306
295897 295594 303
296200 295897 303
296501 296200 301
296807 296501 306
297108 296807 301
297408 297108 300
297714 297408 306
298017 297714 303
298320 298017 303
298621 298320 301
298927 298621 306
299228 298927 301
299528 299228 300
299834 299528 306
300137 299834 303
300440 300137 303
300741 300440 301
301047 300741 306
301348 301047 301
301648 301348 300
301954 301648 306
302257 301954 303
302560 302257 303
302861 302560 301
