76939 1 76938
153907 76939 76968
230880 153907 76973
307828 230880 76948
384826 307828 76998
461771 384826 76945
538723 461771 76952
615683 538723 76960
692647 615683 76964
769624 692647 76977
846570 769624 76946
923548 846570 76978
1000490 923548 76942
1077457 1000490 76967
1154423 1077457 76966
1231383 1154423 76960
1308374 1231383 76991
1385312 1308374 76938
1462273 1385312 76961
1539225 1462273 76952
1616190 1539225 76965
1693166 1616190 76976
1770119 1693166 76953
1847103 1770119 76984
1924055 1847103 76952
2001005 1924055 76950
2077959 2001005 76954
2154936 2077959 76977
2231919 2154936 76983
2308853 2231919 76934
2385827 2308853 76974
2462769 2385827 76942
2539739 2462769 76970
2616708 2539739 76969
2693659 2616708 76951
2770656 2693659 76997
2847603 2770656 76947
2924550 2847603 76947
3001510 2924550 76960
3078470 3001510 76960
3155453 3078470 76983
3232400 3155453 76947
3309380 3232400 76980
3386318 3309380 76938
3463288 3386318 76970
3540251 3463288 76963
3617218 3540251 76967
3694199 3617218 76981
3771140 3694199 76941
3848111 3771140 76971
3925055 3848111 76944
4002022 3925055 76967
4078993 4002022 76971
4155950 4078993 76957
4232941 4155950 76991
4309884 4232941 76943
4386834 4309884 76950
4463797 4386834 76963
4540764 4463797 76967
4617739 4540764 76975
4694682 4617739 76943
4771662 4694682 76980
4848602 4771662 76940
4925569 4848602 76967
5002533 4925569 76964
5079496 5002533 76963
5156483 5079496 76987
5233428 5156483 76945
5310383 5233428 76955
5387336 5310383 76953
5464300 5387336 76964
5541281 5464300 76981
5618236 5541281 76955
5695207 5618236 76971
5772164 5695207 76957
5849117 5772164 76953
5926075 5849117 76958
6003051 5926075 76976
6080026 6003051 76975
6156965 6080026 76939
6233944 6156965 76979
6310884 6233944 76940
6387857 6310884 76973
6464822 6387857 76965
6541774 6464822 76952
6618769 6541774 76995
6695715 6618769 76946
6772666 6695715 76951
6849626 6772666 76960
6926586 6849626 76960
7003568 6926586 76982
7080511 7003568 76943
7157496 7080511 76985
7234431 7157496 76935
7311399 7234431 76968
7388365 7311399 76966
7465329 7388365 76964
7542316 7465329 76987
7619253 7542316 76937
7696221 7619253 76968
7773170 7696221 76949
7850134 7773170 76964
7927104 7850134 76970
8004066 7927104 76962
8081049 8004066 76983
8157996 8081049 76947
8234948 8157996 76952
8311906 8234948 76958
8388878 8311906 76972
8465861 8388878 76983
8542792 8465861 76931
8619772 8542792 76980
8696712 8619772 76940
8773683 8696712 76971
8850650 8773683 76967
8927607 8850650 76957
9004600 8927607 76993
9081542 9004600 76942
9158494 9081542 76952
9235451 9158494 76957
9312414 9235451 76963
9389399 9312414 76985
9466344 9389399 76945
9543324 9466344 76980
9620266 9543324 76942
9697228 9620266 76962
9774193 9697228 76965
9851167 9774193 76974
9928139 9851167 76972
10005081 9928139 76942
10082054 10005081 76973
10158997 10082054 76943
10235965 10158997 76968
10312935 10235965 76970
10389888 10312935 76953
10466884 10389888 76996
10543827 10466884 76943
10620780 10543827 76953
10697739 10620780 76959
10774705 10697739 76966
10851685 10774705 76980
10928628 10851685 76943
11005605 10928628 76977
11082546 11005605 76941
11159515 11082546 76969
11236476 11159515 76961
11313438 11236476 76962
11390430 11313438 76992
11467370 11390430 76940
11544329 11467370 76959
11621281 11544329 76952
11698243 11621281 76962
11775223 11698243 76980
11852179 11775223 76956
11929157 11852179 76978
12006108 11929157 76951
12083064 12006108 76956
12160017 12083064 76953
12236992 12160017 76975
12313973 12236992 76981
12390910 12313973 76937
12467883 12390910 76973
12544828 12467883 76945
12621796 12544828 76968
12698763 12621796 76967
12775716 12698763 76953
12852717 12775716 77001
12929656 12852717 76939
13006609 12929656 76953
13083567 13006609 76958
13160528 13083567 76961
13237508 13160528 76980
13314456 13237508 76948
13391438 13314456 76982
13468375 13391438 76937
13545345 13468375 76970
13622306 13545345 76961
13699275 13622306 76969
13776256 13699275 76981
13853196 13776256 76940
13930166 13853196 76970
14007110 13930166 76944
14084080 14007110 76970
14161048 14084080 76968
14238003 14161048 76955
14314994 14238003 76991
14391941 14314994 76947
14468889 14391941 76948
14545849 14468889 76960
14622819 14545849 76970
14699798 14622819 76979
14776737 14699798 76939
14853723 14776737 76986
14930660 14853723 76937
15007627 14930660 76967
15084591 15007627 76964
15161552 15084591 76961
15238543 15161552 76991
15315484 15238543 76941
15392437 15315484 76953
15469392 15392437 76955
15546357 15469392 76965
15623337 15546357 76980
15700291 15623337 76954
15777268 15700291 76977
15854216 15777268 76948
15931173 15854216 76957
16008132 15931173 76959
16085107 16008132 76975
16162081 16085107 76974
16239021 16162081 76940
16315998 16239021 76977
16392941 16315998 76943
16469908 16392941 76967
16546879 16469908 76971
16623831 16546879 76952
16700827 16623831 76996
16777770 16700827 76943
16854722 16777770 76952
16931686 16854722 76964
17008644 16931686 76958
17085623 17008644 76979
17162570 17085623 76947
17239550 17162570 76980
17316490 17239550 76940
17393455 17316490 76965
17470422 17393455 76967
17547386 17470422 76964
17624373 17547386 76987
17701311 17624373 76938
17778276 17701311 76965
17855226 17778276 76950
17932193 17855226 76967
18009163 17932193 76970
18086118 18009163 76955
18163102 18086118 76984
18240054 18163102 76952
18317004 18240054 76950
18393958 18317004 76954
18470936 18393958 76978
18547919 18470936 76983
18624850 18547919 76931
18701829 18624850 76979
18778769 18701829 76940
18855740 18778769 76971
18932707 18855740 76967
19009660 18932707 76953
19086657 19009660 76997
19163600 19086657 76943
19240548 19163600 76948
19317507 19240548 76959
19394470 19317507 76963
19471456 19394470 76986
19548399 19471456 76943
19625380 19548399 76981
19702320 19625380 76940
19779285 19702320 76965
19856250 19779285 76965
19933221 19856250 76971
20010197 19933221 76976
20087139 20010197 76942
20164110 20087139 76971
20241056 20164110 76946
20318020 20241056 76964
20394993 20318020 76973
20471945 20394993 76952
20548942 20471945 76997
20625884 20548942 76942
20702835 20625884 76951
20779796 20702835 76961
20856764 20779796 76968
20933739 20856764 76975
21010681 20933739 76942
21087658 21010681 76977
21164601 21087658 76943
21241568 21164601 76967
21318533 21241568 76965
21395495 21318533 76962
21472484 21395495 76989
21549427 21472484 76943
21626383 21549427 76956
21703338 21626383 76955
21780300 21703338 76962
21857281 21780300 76981
21934235 21857281 76954
22011212 21934235 76977
22088162 22011212 76950
22165120 22088162 76958
22242073 22165120 76953
22319049 22242073 76976
22396027 22319049 76978
22472967 22396027 76940
22549943 22472967 76976
22626884 22549943 76941
22703853 22626884 76969
22780821 22703853 76968
22857776 22780821 76955
22934771 22857776 76995
23011712 22934771 76941
23088665 23011712 76953
23165624 23088665 76959
23242585 23165624 76961
23319568 23242585 76983
23396511 23319568 76943
23473495 23396511 76984
23550432 23473495 76937
23627398 23550432 76966
23704363 23627398 76965
23781328 23704363 76965
23858315 23781328 76987
23935253 23858315 76938
24012219 23935253 76966
24089168 24012219 76949
24166135 24089168 76967
24243103 24166135 76968
24320061 24243103 76958
24397052 24320061 76991
24473996 24397052 76944
24550945 24473996 76949
24627907 24550945 76962
24704875 24627907 76968
24781857 24704875 76982
24858792 24781857 76935
24935776 24858792 76984
25012717 24935776 76941
25089683 25012717 76966
25166650 25089683 76967
25243607 25166650 76957
25320599 25243607 76992
25397541 25320599 76942
25474494 25397541 76953
25551448 25474494 76954
25628412 25551448 76964
25705398 25628412 76986
25782347 25705398 76949
25859323 25782347 76976
25936269 25859323 76946
26013227 25936269 76958
26090189 26013227 76962
26167168 26090189 76979
26244137 26167168 76969
26321079 26244137 76942
26398057 26321079 76978
26474995 26398057 76938
26551963 26474995 76968
26628936 26551963 76973
26705884 26628936 76948
26782882 26705884 76998
26859827 26782882 76945
26936779 26859827 76952
27013739 26936779 76960
27090703 27013739 76964
27167680 27090703 76977
27244626 27167680 76946
27321604 27244626 76978
27398546 27321604 76942
27475513 27398546 76967
27552479 27475513 76966
27629439 27552479 76960
27706430 27629439 76991
27783368 27706430 76938
27860329 27783368 76961
27937281 27860329 76952
28014246 27937281 76965
28091222 28014246 76976
28168175 28091222 76953
28245159 28168175 76984
28322111 28245159 76952
28399061 28322111 76950
28476015 28399061 76954
28552992 28476015 76977
28629975 28552992 76983
28706909 28629975 76934
28783883 28706909 76974
28860825 28783883 76942
28937795 28860825 76970
29014764 28937795 76969
29091715 29014764 76951
29168712 29091715 76997
29245659 29168712 76947
29322606 29245659 76947
29399566 29322606 76960
29476526 29399566 76960
29553509 29476526 76983
29630456 29553509 76947
29707436 29630456 76980
29784374 29707436 76938
29861344 29784374 76970
29938307 29861344 76963
30015274 29938307 76967
30092255 30015274 76981
30169196 30092255 76941
30246167 30169196 76971
30323111 30246167 76944
30400078 30323111 76967
30477049 30400078 76971
30554006 30477049 76957
30630997 30554006 76991
30707940 30630997 76943
30784890 30707940 76950
30861853 30784890 76963
30938820 30861853 76967
31015795 30938820 76975
31092738 31015795 76943
31169718 31092738 76980
31246658 31169718 76940
31323625 31246658 76967
31400589 31323625 76964
31477552 31400589 76963
31554539 31477552 76987
31631484 31554539 76945
31708439 31631484 76955
31785392 31708439 76953
31862356 31785392 76964
31939337 31862356 76981
32016292 31939337 76955
32093263 32016292 76971
32170220 32093263 76957
32247173 32170220 76953
32324131 32247173 76958
32401107 32324131 76976
32478082 32401107 76975
32555021 32478082 76939
32632000 32555021 76979
32708940 32632000 76940
32785913 32708940 76973
32862878 32785913 76965
32939830 32862878 76952
33016825 32939830 76995
33093771 33016825 76946
33170722 33093771 76951
33247682 33170722 76960
33324642 33247682 76960
33401624 33324642 76982
33478567 33401624 76943
33555552 33478567 76985
33632487 33555552 76935
33709455 33632487 76968
33786421 33709455 76966
33863385 33786421 76964
33940372 33863385 76987
34017309 33940372 76937
34094277 34017309 76968
34171226 34094277 76949
34248190 34171226 76964
34325160 34248190 76970
34402122 34325160 76962
34479105 34402122 76983
34556052 34479105 76947
34633004 34556052 76952
34709962 34633004 76958
34786934 34709962 76972
34863917 34786934 76983
34940848 34863917 76931
35017828 34940848 76980
35094768 35017828 76940
35171739 35094768 76971
35248706 35171739 76967
35325663 35248706 76957
35402656 35325663 76993
35479598 35402656 76942
35556550 35479598 76952
35633507 35556550 76957
35710470 35633507 76963
35787455 35710470 76985
35864400 35787455 76945
35941380 35864400 76980
36018322 35941380 76942
36095284 36018322 76962
36172249 36095284 76965
36249223 36172249 76974
36326195 36249223 76972
36403137 36326195 76942
36480110 36403137 76973
36557053 36480110 76943
36634021 36557053 76968
36710991 36634021 76970
36787944 36710991 76953
36864940 36787944 76996
36941883 36864940 76943
37018836 36941883 76953
37095795 37018836 76959
37172761 37095795 76966
37249741 37172761 76980
37326684 37249741 76943
37403661 37326684 76977
37480602 37403661 76941
37557571 37480602 76969
37634532 37557571 76961
37711494 37634532 76962
37788486 37711494 76992
37865426 37788486 76940
37942385 37865426 76959
38019337 37942385 76952
38096299 38019337 76962
38173279 38096299 76980
38250235 38173279 76956
38327213 38250235 76978
38404164 38327213 76951
38481120 38404164 76956
38558073 38481120 76953
38635048 38558073 76975
38712029 38635048 76981
38788966 38712029 76937
38865939 38788966 76973
38942884 38865939 76945
39019852 38942884 76968
39096819 39019852 76967
39173772 39096819 76953
39250773 39173772 77001
39327712 39250773 76939
39404665 39327712 76953
39481623 39404665 76958
39558584 39481623 76961
39635564 39558584 76980
39712512 39635564 76948
39789494 39712512 76982
39866431 39789494 76937
39943401 39866431 76970
40020362 39943401 76961
40097331 40020362 76969
40174312 40097331 76981
40251252 40174312 76940
40328222 40251252 76970
40405166 40328222 76944
40482136 40405166 76970
40559104 40482136 76968
40636059 40559104 76955
40713050 40636059 76991
40789997 40713050 76947
40866945 40789997 76948
40943905 40866945 76960
41020875 40943905 76970
41097854 41020875 76979
41174793 41097854 76939
41251779 41174793 76986
41328716 41251779 76937
41405683 41328716 76967
41482647 41405683 76964
41559608 41482647 76961
41636599 41559608 76991
41713540 41636599 76941
41790493 41713540 76953
41867448 41790493 76955
41944413 41867448 76965
42021393 41944413 76980
42098347 42021393 76954
42175324 42098347 76977
42252272 42175324 76948
42329229 42252272 76957
42406188 42329229 76959
42483163 42406188 76975
42560137 42483163 76974
42637077 42560137 76940
42714054 42637077 76977
42790997 42714054 76943
42867964 42790997 76967
42944935 42867964 76971
43021887 42944935 76952
43098883 43021887 76996
43175826 43098883 76943
43252778 43175826 76952
43329742 43252778 76964
43406700 43329742 76958
43483679 43406700 76979
43560626 43483679 76947
43637606 43560626 76980
43714546 43637606 76940
43791511 43714546 76965
43868478 43791511 76967
43945442 43868478 76964
44022429 43945442 76987
44099367 44022429 76938
44176332 44099367 76965
44253282 44176332 76950
44330249 44253282 76967
44407219 44330249 76970
44484174 44407219 76955
44561158 44484174 76984
44638110 44561158 76952
44715060 44638110 76950
44792014 44715060 76954
44868992 44792014 76978
44945975 44868992 76983
45022906 44945975 76931
45099885 45022906 76979
45176825 45099885 76940
45253796 45176825 76971
45330763 45253796 76967
45407716 45330763 76953
45484713 45407716 76997
45561656 45484713 76943
45638604 45561656 76948
45715563 45638604 76959
45792526 45715563 76963
45869512 45792526 76986
45946455 45869512 76943
46023436 45946455 76981
46100376 46023436 76940
46177341 46100376 76965
46254306 46177341 76965
46331277 46254306 76971
46408253 46331277 76976
46485195 46408253 76942
46562166 46485195 76971
46639112 46562166 76946
46716076 46639112 76964
46793049 46716076 76973
46870001 46793049 76952
46946998 46870001 76997
47023940 46946998 76942
47100891 47023940 76951
47177852 47100891 76961
47254820 47177852 76968
47331795 47254820 76975
47408737 47331795 76942
47485714 47408737 76977
47562657 47485714 76943
47639624 47562657 76967
47716589 47639624 76965
47793551 47716589 76962
47870540 47793551 76989
47947483 47870540 76943
48024439 47947483 76956
48101394 48024439 76955
48178356 48101394 76962
48255337 48178356 76981
48332291 48255337 76954
48409268 48332291 76977
48486218 48409268 76950
48563176 48486218 76958
48640129 48563176 76953
48717105 48640129 76976
48794083 48717105 76978
48871023 48794083 76940
48947999 48871023 76976
49024940 48947999 76941
49101909 49024940 76969
49178877 49101909 76968
49255832 49178877 76955
49332827 49255832 76995
49409768 49332827 76941
49486721 49409768 76953
49563680 49486721 76959
49640641 49563680 76961
49717624 49640641 76983
49794567 49717624 76943
49871551 49794567 76984
49948488 49871551 76937
50025454 49948488 76966
50102419 50025454 76965
50179384 50102419 76965
50256371 50179384 76987
50333309 50256371 76938
50410275 50333309 76966
50487224 50410275 76949
50564191 50487224 76967
50641159 50564191 76968
50718117 50641159 76958
50795108 50718117 76991
50872052 50795108 76944
50949001 50872052 76949
51025963 50949001 76962
51102931 51025963 76968
51179913 51102931 76982
51256848 51179913 76935
51333832 51256848 76984
51410773 51333832 76941
51487739 51410773 76966
51564706 51487739 76967
51641663 51564706 76957
51718655 51641663 76992
51795597 51718655 76942
51872550 51795597 76953
51949504 51872550 76954
52026468 51949504 76964
52103454 52026468 76986
52180403 52103454 76949
52257379 52180403 76976
52334325 52257379 76946
52411283 52334325 76958
52488245 52411283 76962
52565224 52488245 76979
52642193 52565224 76969
52719135 52642193 76942
52796113 52719135 76978
52873051 52796113 76938
52950019 52873051 76968
53026992 52950019 76973
53103940 53026992 76948
53180938 53103940 76998
53257883 53180938 76945
53334835 53257883 76952
53411795 53334835 76960
53488759 53411795 76964
53565736 53488759 76977
53642682 53565736 76946
53719660 53642682 76978
53796602 53719660 76942
53873569 53796602 76967
53950535 53873569 76966
54027495 53950535 76960
54104486 54027495 76991
54181424 54104486 76938
54258385 54181424 76961
54335337 54258385 76952
54412302 54335337 76965
54489278 54412302 76976
54566231 54489278 76953
54643215 54566231 76984
54720167 54643215 76952
54797117 54720167 76950
54874071 54797117 76954
54951048 54874071 76977
55028031 54951048 76983
55104965 55028031 76934
55181939 55104965 76974
55258881 55181939 76942
55335851 55258881 76970
55412820 55335851 76969
55489771 55412820 76951
55566768 55489771 76997
55643715 55566768 76947
55720662 55643715 76947
55797622 55720662 76960
55874582 55797622 76960
55951565 55874582 76983
56028512 55951565 76947
56105492 56028512 76980
56182430 56105492 76938
56259400 56182430 76970
56336363 56259400 76963
56413330 56336363 76967
56490311 56413330 76981
56567252 56490311 76941
56644223 56567252 76971
56721167 56644223 76944
56798134 56721167 76967
56875105 56798134 76971
56952062 56875105 76957
57029053 56952062 76991
57105996 57029053 76943
57182946 57105996 76950
57259909 57182946 76963
57336876 57259909 76967
57413851 57336876 76975
57490794 57413851 76943
57567774 57490794 76980
57644714 57567774 76940
57721681 57644714 76967
57798645 57721681 76964
57875608 57798645 76963
57952595 57875608 76987
58029540 57952595 76945
58106495 58029540 76955
58183448 58106495 76953
58260412 58183448 76964
58337393 58260412 76981
58414348 58337393 76955
58491319 58414348 76971
58568276 58491319 76957
58645229 58568276 76953
58722187 58645229 76958
58799163 58722187 76976
58876138 58799163 76975
58953077 58876138 76939
59030056 58953077 76979
59106996 59030056 76940
59183969 59106996 76973
59260934 59183969 76965
59337886 59260934 76952
59414881 59337886 76995
59491827 59414881 76946
59568778 59491827 76951
59645738 59568778 76960
59722698 59645738 76960
59799680 59722698 76982
59876623 59799680 76943
59953608 59876623 76985
60030543 59953608 76935
60107511 60030543 76968
60184477 60107511 76966
60261441 60184477 76964
60338428 60261441 76987
60415365 60338428 76937
60492333 60415365 76968
60569282 60492333 76949
60646246 60569282 76964
60723216 60646246 76970
60800178 60723216 76962
60877161 60800178 76983
60954108 60877161 76947
61031060 60954108 76952
61108018 61031060 76958
61184990 61108018 76972
61261973 61184990 76983
61338904 61261973 76931
61415884 61338904 76980
61492824 61415884 76940
61569795 61492824 76971
61646762 61569795 76967
61723719 61646762 76957
61800712 61723719 76993
61877654 61800712 76942
61954606 61877654 76952
62031563 61954606 76957
62108526 62031563 76963
62185511 62108526 76985
62262456 62185511 76945
62339436 62262456 76980
62416378 62339436 76942
62493340 62416378 76962
62570305 62493340 76965
62647279 62570305 76974
62724251 62647279 76972
62801193 62724251 76942
62878166 62801193 76973
62955109 62878166 76943
63032077 62955109 76968
63109047 63032077 76970
63186000 63109047 76953
63262996 63186000 76996
63339939 63262996 76943
63416892 63339939 76953
63493851 63416892 76959
63570817 63493851 76966
63647797 63570817 76980
63724740 63647797 76943
63801717 63724740 76977
63878658 63801717 76941
63955627 63878658 76969
64032588 63955627 76961
64109550 64032588 76962
64186542 64109550 76992
64263482 64186542 76940
64340441 64263482 76959
64417393 64340441 76952
64494355 64417393 76962
64571335 64494355 76980
64648291 64571335 76956
64725269 64648291 76978
64802220 64725269 76951
64879176 64802220 76956
64956129 64879176 76953
65033104 64956129 76975
65110085 65033104 76981
65187022 65110085 76937
65263995 65187022 76973
65340940 65263995 76945
65417908 65340940 76968
65494875 65417908 76967
65571828 65494875 76953
65648829 65571828 77001
65725768 65648829 76939
65802721 65725768 76953
65879679 65802721 76958
65956640 65879679 76961
66033620 65956640 76980
66110568 66033620 76948
66187550 66110568 76982
66264487 66187550 76937
66341457 66264487 76970
66418418 66341457 76961
66495387 66418418 76969
66572368 66495387 76981
66649308 66572368 76940
66726278 66649308 76970
66803222 66726278 76944
66880192 66803222 76970
66957160 66880192 76968
67034115 66957160 76955
67111106 67034115 76991
67188053 67111106 76947
67265001 67188053 76948
67341961 67265001 76960
67418931 67341961 76970
67495910 67418931 76979
67572849 67495910 76939
67649835 67572849 76986
67726772 67649835 76937
67803739 67726772 76967
67880703 67803739 76964
67957664 67880703 76961
68034655 67957664 76991
68111596 68034655 76941
68188549 68111596 76953
68265504 68188549 76955
68342469 68265504 76965
68419449 68342469 76980
68496403 68419449 76954
68573380 68496403 76977
68650328 68573380 76948
68727285 68650328 76957
68804244 68727285 76959
68881219 68804244 76975
68958193 68881219 76974
69035133 68958193 76940
69112110 69035133 76977
69189053 69112110 76943
69266020 69189053 76967
69342991 69266020 76971
69419943 69342991 76952
69496939 69419943 76996
69573882 69496939 76943
69650834 69573882 76952
69727798 69650834 76964
69804756 69727798 76958
69881735 69804756 76979
69958682 69881735 76947
70035662 69958682 76980
70112602 70035662 76940
70189567 70112602 76965
70266534 70189567 76967
70343498 70266534 76964
70420485 70343498 76987
70497423 70420485 76938
70574388 70497423 76965
70651338 70574388 76950
70728305 70651338 76967
70805275 70728305 76970
70882230 70805275 76955
70959214 70882230 76984
71036166 70959214 76952
71113116 71036166 76950
71190070 71113116 76954
71267048 71190070 76978
71344031 71267048 76983
71420962 71344031 76931
71497941 71420962 76979
71574881 71497941 76940
71651852 71574881 76971
71728819 71651852 76967
71805772 71728819 76953
71882769 71805772 76997
71959712 71882769 76943
72036660 71959712 76948
72113619 72036660 76959
72190582 72113619 76963
72267568 72190582 76986
72344511 72267568 76943
72421492 72344511 76981
72498432 72421492 76940
72575397 72498432 76965
72652362 72575397 76965
72729333 72652362 76971
72806309 72729333 76976
72883251 72806309 76942
72960222 72883251 76971
73037168 72960222 76946
73114132 73037168 76964
73191105 73114132 76973
73268057 73191105 76952
73345054 73268057 76997
73421996 73345054 76942
73498947 73421996 76951
73575908 73498947 76961
73652876 73575908 76968
73729851 73652876 76975
73806793 73729851 76942
73883770 73806793 76977
73960713 73883770 76943
74037680 73960713 76967
74114645 74037680 76965
74191607 74114645 76962
74268596 74191607 76989
74345539 74268596 76943
74422495 74345539 76956
74499450 74422495 76955
74576412 74499450 76962
74653393 74576412 76981
74730347 74653393 76954
74807324 74730347 76977
74884274 74807324 76950
74961232 74884274 76958
75038185 74961232 76953
75115161 75038185 76976
75192139 75115161 76978
75269079 75192139 76940
75346055 75269079 76976
75422996 75346055 76941
75499965 75422996 76969
75576933 75499965 76968
75653888 75576933 76955
75730883 75653888 76995
75807824 75730883 76941
75884777 75807824 76953
75961736 75884777 76959
76038697 75961736 76961
76115680 76038697 76983
76192623 76115680 76943
76269607 76192623 76984
76346544 76269607 76937
76423510 76346544 76966
76500475 76423510 76965
76577440 76500475 76965
76654427 76577440 76987
76731365 76654427 76938
76808331 76731365 76966
76885280 76808331 76949
76962247 76885280 76967
