76939 1 76938
153907 76939 76968
230880 153907 76973
307828 230880 76948
384826 307828 76998
461771 384826 76945
538723 461771 76952
615683 538723 76960
692647 615683 76964
769624 692647 76977
846570 769624 76946
923548 846570 76978
1000490 923548 76942
1077457 1000490 76967
1154423 1077457 76966
1231383 1154423 76960
1308374 1231383 76991
1385312 1308374 76938
1462273 1385312 76961
1539225 1462273 76952
1616190 1539225 76965
1693166 1616190 76976
1770119 1693166 76953
1847103 1770119 76984
1924055 1847103 76952
2001005 1924055 76950
2077959 2001005 76954
2154936 2077959 76977
2231919 2154936 76983
2308853 2231919 76934
2385827 2308853 76974
2462769 2385827 76942
2539739 2462769 76970
2616708 2539739 76969
2693659 2616708 76951
2770656 2693659 76997
2847603 2770656 76947
2924550 2847603 76947
3001510 2924550 76960
3078470 3001510 76960
3155453 3078470 76983
3232400 3155453 76947
3309380 3232400 76980
3386318 3309380 76938
3463288 3386318 76970
3540251 3463288 76963
3617218 3540251 76967
3694199 3617218 76981
3771140 3694199 76941
3848111 3771140 76971
3925055 3848111 76944
4002022 3925055 76967
4078993 4002022 76971
4155950 4078993 76957
4232941 4155950 76991
4309884 4232941 76943
4386834 4309884 76950
4463797 4386834 76963
4540764 4463797 76967
4617739 4540764 76975
4694682 4617739 76943
4771662 4694682 76980
4848602 4771662 76940
4925569 4848602 76967
5002533 4925569 76964
5079496 5002533 76963
5156483 5079496 76987
5233428 5156483 76945
5310383 5233428 76955
5387336 5310383 76953
5464300 5387336 76964
5541281 5464300 76981
5618236 5541281 76955
5695207 5618236 76971
5772164 5695207 76957
5849117 5772164 76953
5926075 5849117 76958
6003051 5926075 76976
6080026 6003051 76975
6156965 6080026 76939
6233944 6156965 76979
6310884 6233944 76940
6387857 6310884 76973
6464822 6387857 76965
6541774 6464822 76952
6618769 6541774 76995
6695715 6618769 76946
6772666 6695715 76951
6849626 6772666 76960
6926586 6849626 76960
7003568 6926586 76982
7080511 7003568 76943
7157496 7080511 76985
7234431 7157496 76935
7311399 7234431 76968
7388365 7311399 76966
7465329 7388365 76964
7542316 7465329 76987
7619253 7542316 76937
7696221 7619253 76968
7773170 7696221 76949
7850134 7773170 76964
7927104 7850134 76970
8004066 7927104 76962
8081049 8004066 76983
8157996 8081049 76947
8234948 8157996 76952
8311906 8234948 76958
8388878 8311906 76972
8465861 8388878 76983
8542792 8465861 76931
8619772 8542792 76980
8696712 8619772 76940
8773683 8696712 76971
8850650 8773683 76967
8927607 8850650 76957
9004600 8927607 76993
9081542 9004600 76942
9158494 9081542 76952
9235451 9158494 76957
9312414 9235451 76963
9389399 9312414 76985
9466344 9389399 76945
9543324 9466344 76980
9620266 9543324 76942
9697228 9620266 76962
9774193 9697228 76965
9851167 9774193 76974
9928139 9851167 76972
10005081 9928139 76942
10082054 10005081 76973
10158997 10082054 76943
10235965 10158997 76968
10312935 10235965 76970
10389888 10312935 76953
10466884 10389888 76996
10543827 10466884 76943
10620780 10543827 76953
10697739 10620780 76959
10774705 10697739 76966
10851685 10774705 76980
10928628 10851685 76943
11005605 10928628 76977
11082546 11005605 76941
11159515 11082546 76969
11236476 11159515 76961
11313438 11236476 76962
11390430 11313438 76992
11467370 11390430 76940
11544329 11467370 76959
11621281 11544329 76952
11698243 11621281 76962
11775223 11698243 76980
11852179 11775223 76956
11929157 11852179 76978
12006108 11929157 76951
12083064 12006108 76956
12160017 12083064 76953
12236992 12160017 76975
12313973 12236992 76981
12390910 12313973 76937
12467883 12390910 76973
12544828 12467883 76945
12621796 12544828 76968
12698763 12621796 76967
12775716 12698763 76953
12852717 12775716 77001
12929656 12852717 76939
13006609 12929656 76953
13083567 13006609 76958
13160528 13083567 76961
13237508 13160528 76980
13314456 13237508 76948
13391438 13314456 76982
13468375 13391438 76937
13545345 13468375 76970
13622306 13545345 76961
13699275 13622306 76969
13776256 13699275 76981
13853196 13776256 76940
13930166 13853196 76970
14007110 13930166 76944
14084080 14007110 76970
14161048 14084080 76968
14238003 14161048 76955
14314994 14238003 76991
14391941 14314994 76947
14468889 14391941 76948
14545849 14468889 76960
14622819 14545849 76970
14699798 14622819 76979
14776737 14699798 76939
14853723 14776737 76986
14930660 14853723 76937
15007627 14930660 76967
15084591 15007627 76964
15161552 15084591 76961
15238543 15161552 76991
15315484 15238543 76941
15392437 15315484 76953
15469392 15392437 76955
15546357 15469392 76965
15623337 15546357 76980
15700291 15623337 76954
15777268 15700291 76977
15854216 15777268 76948
15931173 15854216 76957
16008132 15931173 76959
16085107 16008132 76975
16162081 16085107 76974
16239021 16162081 76940
16315998 16239021 76977
16392941 16315998 76943
16469908 16392941 76967
16546879 16469908 76971
16623831 16546879 76952
16700827 16623831 76996
16777770 16700827 76943
16854722 16777770 76952
16931686 16854722 76964
17008644 16931686 76958
17085623 17008644 76979
17162570 17085623 76947
17239550 17162570 76980
17316490 17239550 76940
17393455 17316490 76965
17470422 17393455 76967
17547386 17470422 76964
17624373 17547386 76987
17701311 17624373 76938
17778276 17701311 76965
17855226 17778276 76950
17932193 17855226 76967
18009163 17932193 76970
18086118 18009163 76955
18163102 18086118 76984
18240054 18163102 76952
18317004 18240054 76950
18393958 18317004 76954
18470936 18393958 76978
18547919 18470936 76983
