1 10
2 30
3 40
4 70
5 60
6 120
7 80
8 150
9 130
10 180
11 120
12 280
13 140
14 240
15 240
16 310
17 180
18 390
19 200
20 420
21 320
22 360
23 240
24 600
25 310
26 420
27 400
28 560
29 300
30 720
31 320
32 630
33 480
34 540
35 480
36 910
37 380
38 600
39 560
40 900
41 420
42 960
43 440
44 840
45 780
46 720
47 480
48 1240
49 570
50 930
51 720
52 980
53 540
54 1200
55 720
56 1200
57 800
58 900
59 600
60 1680
61 620
62 960
63 1040
64 1270
65 840
66 1440
67 680
68 1260
69 960
70 1440
71 720
72 1950
73 740
74 1140
75 1240
76 1400
77 960
78 1680
79 800
80 1860
81 1210
82 1260
83 840
result 84 [
   2,  3,  7,  4,  6,
  14, 12, 28, 84, 42,
  21
] 2240
