1 10
2 30
3 40
4 70
5 60
6 120
7 80
8 150
9 130
10 180
11 120
12 300
13 140
14 240
15 240
16 310
17 180
18 420
19 200
20 440
21 320
22 360
23 240
24 680
25 310
26 420
27 400
28 580
29 300
30 820
31 320
32 630
33 480
34 540
35 480
36 1070
37 380
38 600
39 560
40 980
41 420
42 1080
43 440
44 860
45 810
46 720
47 480
48 1460
49 570
50 980
51 720
52 1000
53 540
54 1350
55 720
56 1280
57 800
58 900
59 600
60 2140
61 620
62 960
63 1070
64 1270
65 840
66 1600
67 680
68 1280
69 960
70 1580
71 720
72 2460
73 740
74 1140
75 1290
76 1420
77 960
78 1860
79 800
80 2080
81 1210
82 1260
83 840
84 2780
85 1080
86 1320
87 1200
88 1880
89 900
90 2930
91 1120
92 1700
93 1280
94 1440
95 1200
result 96 3040
